/*--------------------------------*- C++ -*----------------------------------*\
| =========                 |                                                 |
| \\      /  F ield         | OpenFOAM: The Open Source CFD Toolbox           |
|  \\    /   O peration     | Version:  2412                                  |
|   \\  /    A nd           | Website:  www.openfoam.com                      |
|    \\/     M anipulation  |                                                 |
\*---------------------------------------------------------------------------*/
FoamFile
{
    version     2.0;
    format      ascii;
    arch        "LSB;label=32;scalar=64";
    class       volScalarField;
    location    "0";
    object      alphaSolid;
}
// * * * * * * * * * * * * * * * * * * * * * * * * * * * * * * * * * * * * * //

dimensions      [0 0 0 0 0 0 0];

internalField   nonuniform List<scalar> 
15000
(
0.469
0.534
0.535
0.528
0.52
0.52
0.527
0.535
0.545
0.542
0.539
0.552
0.574
0.582
0.526
0.571
0.57
0.564
0.561
0.565
0.569
0.571
0.579
0.576
0.576
0.582
0.595
0.606
0.555
0.592
0.593
0.587
0.587
0.595
0.596
0.595
0.599
0.597
0.602
0.601
0.601
0.614
0.562
0.599
0.604
0.598
0.597
0.603
0.603
0.603
0.607
0.604
0.612
0.608
0.601
0.61
0.566
0.601
0.61
0.605
0.603
0.606
0.604
0.605
0.607
0.606
0.614
0.609
0.6
0.605
0.565
0.602
0.612
0.607
0.61
0.609
0.603
0.605
0.607
0.604
0.61
0.607
0.6
0.602
0.562
0.597
0.607
0.605
0.61
0.607
0.597
0.605
0.609
0.603
0.607
0.609
0.604
0.606
0.56
0.594
0.603
0.601
0.604
0.597
0.591
0.608
0.613
0.604
0.608
0.615
0.612
0.611
0.557
0.593
0.602
0.598
0.597
0.591
0.592
0.611
0.615
0.604
0.609
0.617
0.616
0.612
0.55
0.593
0.601
0.598
0.595
0.594
0.6
0.614
0.616
0.607
0.61
0.614
0.613
0.61
0.539
0.588
0.6
0.599
0.597
0.6
0.606
0.614
0.616
0.614
0.613
0.612
0.608
0.604
0.538
0.585
0.6
0.601
0.599
0.605
0.607
0.609
0.614
0.621
0.619
0.614
0.606
0.598
0.554
0.593
0.603
0.601
0.599
0.608
0.606
0.604
0.61
0.622
0.621
0.617
0.607
0.6
0.574
0.606
0.604
0.6
0.6
0.608
0.605
0.604
0.606
0.615
0.62
0.617
0.608
0.607
0.582
0.613
0.602
0.598
0.599
0.606
0.604
0.603
0.601
0.606
0.615
0.615
0.605
0.609
0.578
0.613
0.602
0.597
0.598
0.603
0.603
0.6
0.597
0.602
0.611
0.61
0.599
0.606
0.572
0.61
0.607
0.603
0.602
0.602
0.604
0.602
0.6
0.602
0.606
0.603
0.595
0.603
0.567
0.605
0.613
0.615
0.611
0.605
0.607
0.61
0.607
0.602
0.601
0.6
0.594
0.6
0.562
0.597
0.613
0.623
0.62
0.61
0.613
0.617
0.609
0.601
0.598
0.602
0.599
0.6
0.556
0.591
0.608
0.622
0.621
0.614
0.618
0.617
0.606
0.601
0.599
0.609
0.608
0.604
0.551
0.592
0.604
0.617
0.618
0.617
0.624
0.615
0.602
0.605
0.603
0.615
0.617
0.61
0.547
0.598
0.607
0.613
0.616
0.623
0.631
0.618
0.607
0.613
0.609
0.617
0.623
0.618
0.549
0.604
0.612
0.613
0.618
0.628
0.633
0.621
0.615
0.621
0.615
0.616
0.625
0.623
0.56
0.612
0.615
0.613
0.617
0.626
0.626
0.621
0.621
0.622
0.615
0.615
0.624
0.624
0.576
0.622
0.618
0.613
0.616
0.619
0.619
0.621
0.623
0.618
0.611
0.612
0.623
0.624
0.589
0.633
0.625
0.618
0.616
0.616
0.617
0.623
0.623
0.613
0.604
0.61
0.622
0.624
0.593
0.635
0.629
0.623
0.616
0.615
0.62
0.627
0.621
0.608
0.603
0.612
0.622
0.626
0.588
0.625
0.623
0.62
0.611
0.613
0.625
0.633
0.622
0.605
0.602
0.613
0.621
0.627
0.583
0.614
0.614
0.613
0.604
0.609
0.627
0.635
0.623
0.604
0.6
0.613
0.621
0.625
0.58
0.611
0.613
0.608
0.602
0.607
0.621
0.628
0.619
0.604
0.601
0.616
0.623
0.62
0.575
0.615
0.616
0.607
0.603
0.608
0.615
0.618
0.613
0.605
0.606
0.62
0.626
0.618
0.565
0.615
0.622
0.608
0.606
0.614
0.616
0.616
0.612
0.604
0.61
0.624
0.628
0.62
0.552
0.61
0.628
0.614
0.611
0.622
0.623
0.62
0.613
0.602
0.61
0.625
0.629
0.62
0.544
0.606
0.633
0.624
0.618
0.628
0.629
0.622
0.615
0.602
0.608
0.623
0.627
0.613
0.543
0.604
0.634
0.633
0.624
0.631
0.632
0.622
0.618
0.606
0.609
0.622
0.62
0.605
0.547
0.603
0.628
0.632
0.625
0.627
0.63
0.621
0.62
0.613
0.615
0.621
0.613
0.605
0.549
0.601
0.621
0.625
0.62
0.619
0.621
0.614
0.617
0.615
0.617
0.618
0.609
0.611
0.55
0.597
0.614
0.619
0.616
0.613
0.612
0.606
0.611
0.612
0.615
0.612
0.606
0.615
0.552
0.594
0.607
0.614
0.614
0.611
0.611
0.608
0.611
0.612
0.613
0.609
0.608
0.617
0.557
0.596
0.603
0.612
0.613
0.613
0.62
0.62
0.618
0.615
0.616
0.616
0.616
0.62
0.564
0.604
0.604
0.61
0.615
0.616
0.627
0.629
0.623
0.62
0.622
0.627
0.624
0.623
0.57
0.61
0.606
0.608
0.614
0.613
0.621
0.624
0.621
0.621
0.624
0.63
0.625
0.624
0.573
0.61
0.608
0.606
0.609
0.606
0.607
0.613
0.618
0.618
0.619
0.624
0.622
0.624
0.572
0.608
0.612
0.607
0.607
0.602
0.6
0.611
0.621
0.617
0.613
0.616
0.619
0.622
0.565
0.608
0.618
0.612
0.61
0.605
0.603
0.617
0.627
0.619
0.612
0.612
0.615
0.618
0.552
0.607
0.617
0.613
0.614
0.61
0.608
0.618
0.627
0.622
0.613
0.612
0.616
0.618
0.542
0.6
0.609
0.61
0.617
0.616
0.614
0.614
0.621
0.624
0.612
0.613
0.622
0.624
0.54
0.593
0.602
0.608
0.617
0.621
0.622
0.614
0.618
0.622
0.609
0.614
0.63
0.633
0.547
0.593
0.604
0.605
0.612
0.62
0.625
0.619
0.617
0.617
0.604
0.613
0.633
0.638
0.552
0.599
0.612
0.606
0.605
0.611
0.622
0.619
0.613
0.614
0.606
0.613
0.626
0.634
0.555
0.607
0.621
0.612
0.606
0.607
0.62
0.62
0.611
0.615
0.615
0.614
0.617
0.624
0.556
0.608
0.626
0.619
0.61
0.609
0.622
0.624
0.612
0.619
0.625
0.616
0.611
0.617
0.556
0.606
0.624
0.617
0.607
0.607
0.62
0.625
0.613
0.619
0.628
0.617
0.61
0.612
0.551
0.601
0.62
0.608
0.597
0.6
0.611
0.619
0.613
0.619
0.625
0.613
0.609
0.61
0.547
0.598
0.618
0.603
0.594
0.597
0.604
0.612
0.613
0.621
0.619
0.605
0.605
0.605
0.549
0.6
0.617
0.605
0.598
0.599
0.602
0.607
0.614
0.621
0.61
0.597
0.601
0.603
0.555
0.602
0.616
0.608
0.601
0.598
0.601
0.605
0.614
0.617
0.603
0.598
0.603
0.606
0.559
0.6
0.613
0.607
0.599
0.595
0.602
0.605
0.613
0.61
0.6
0.605
0.611
0.614
0.557
0.593
0.606
0.605
0.596
0.595
0.604
0.606
0.613
0.608
0.598
0.607
0.615
0.62
0.553
0.588
0.6
0.606
0.598
0.599
0.607
0.605
0.614
0.607
0.595
0.602
0.614
0.621
0.546
0.587
0.597
0.608
0.601
0.606
0.611
0.605
0.614
0.607
0.594
0.6
0.611
0.617
0.542
0.587
0.596
0.607
0.605
0.612
0.615
0.606
0.613
0.606
0.598
0.603
0.611
0.61
0.545
0.589
0.597
0.607
0.607
0.616
0.616
0.605
0.61
0.608
0.603
0.608
0.61
0.603
0.554
0.593
0.601
0.609
0.605
0.615
0.615
0.601
0.604
0.608
0.609
0.609
0.606
0.596
0.56
0.595
0.602
0.605
0.594
0.608
0.614
0.599
0.596
0.605
0.612
0.609
0.6
0.589
0.558
0.596
0.599
0.597
0.585
0.599
0.613
0.601
0.591
0.599
0.611
0.607
0.597
0.588
0.553
0.595
0.596
0.595
0.589
0.598
0.612
0.605
0.593
0.596
0.608
0.605
0.597
0.592
0.554
0.598
0.596
0.599
0.6
0.601
0.608
0.608
0.597
0.597
0.606
0.602
0.6
0.6
0.558
0.602
0.597
0.602
0.605
0.601
0.602
0.603
0.599
0.599
0.604
0.602
0.604
0.608
0.559
0.6
0.598
0.606
0.604
0.597
0.598
0.596
0.596
0.6
0.602
0.605
0.61
0.612
0.558
0.596
0.602
0.614
0.603
0.598
0.603
0.593
0.593
0.602
0.602
0.609
0.618
0.614
0.56
0.596
0.61
0.621
0.605
0.606
0.613
0.598
0.596
0.607
0.606
0.612
0.622
0.614
0.562
0.605
0.621
0.622
0.603
0.611
0.62
0.607
0.601
0.608
0.609
0.61
0.618
0.612
0.562
0.612
0.63
0.621
0.601
0.611
0.622
0.612
0.603
0.603
0.607
0.608
0.612
0.612
0.559
0.612
0.634
0.626
0.602
0.61
0.619
0.612
0.601
0.598
0.605
0.61
0.613
0.613
0.557
0.607
0.636
0.631
0.604
0.605
0.611
0.607
0.601
0.602
0.609
0.613
0.615
0.613
0.553
0.601
0.632
0.628
0.602
0.6
0.599
0.6
0.605
0.61
0.613
0.615
0.615
0.611
0.546
0.595
0.62
0.616
0.599
0.6
0.594
0.596
0.609
0.612
0.611
0.613
0.61
0.607
0.541
0.59
0.606
0.605
0.6
0.603
0.597
0.598
0.609
0.607
0.605
0.61
0.605
0.605
0.541
0.592
0.599
0.599
0.602
0.606
0.601
0.602
0.607
0.601
0.601
0.609
0.605
0.607
0.545
0.599
0.599
0.597
0.604
0.606
0.603
0.605
0.606
0.602
0.605
0.61
0.607
0.611
0.547
0.602
0.6
0.598
0.605
0.607
0.604
0.608
0.61
0.61
0.611
0.612
0.609
0.608
0.528
0.577
0.58
0.583
0.594
0.599
0.591
0.588
0.594
0.601
0.601
0.6
0.595
0.585
0.442
0.479
0.495
0.509
0.526
0.534
0.515
0.494
0.499
0.52
0.524
0.527
0.52
0.5
0.282
0.302
0.327
0.349
0.37
0.383
0.353
0.314
0.317
0.346
0.356
0.365
0.358
0.336
0.118
0.124
0.145
0.162
0.18
0.192
0.165
0.13
0.131
0.153
0.164
0.174
0.169
0.154
0.0259
0.0261
0.0351
0.0417
0.0506
0.057
0.0439
0.0273
0.0272
0.0369
0.0422
0.0487
0.0453
0.0401
0.00158
0.00143
0.0024
0.0034
0.00511
0.00709
0.00422
0.00111
0.00142
0.00252
0.00367
0.00567
0.00412
0.00374
0
0
2.15e-08
1.3e-06
4.42e-06
8.73e-05
1.19e-05
0
2.87e-08
1.73e-07
1.08e-05
4.8e-05
2.49e-09
5.12e-06
0
0
0
0
0
0
0
0
0
0
0
0
0
0
0
0
0
0
0
0
0
0
0
0
0
0
0
0
0
0
0
0
0
0
0
0
0
0
0
0
0
0
0
0
0
0
0
0
0
0
0
0
0
0
0
0
0
0
0
0
0
0
0
0
0
0
0
0
0
0
0
0
0
0
0
0
0
0
0
0
0
0
0
0
0
0
0
0
0
0
0
0
0
0
0
0
0
0
0
0
0
0
0
0
0
0
0
0
0
0
0
0
0
0
0
0
0
0
0
0
0
0
0
0
0
0
0
0
0
0
0
0
0
0
0
0
0
0
0
0
0
0
0
0
0
0
0
0
0
0
0
0
0
0
0
0
0
0
0
0
0
0
0
0
0
0
0
0
0
0
0
0
0
0
0
0
0
0
0
0
0
0
0
0
0
0
0
0
0
0
0
0
0
0
0
0
0
0
0
0
0
0
0
0
0
0
0
0
0
0
0
0
0
0
0
0
0
0
0
0
0
0
0
0
0
0
0
0
0
0
0
0
0
0
0
0
0
0
0
0
0
0
0
0
0
0
0
0
0
0
0
0
0
0
0
0
0
0
0
0
0
0
0
0
0
0
0
0
0
0
0
0
0
0
0
0
0
0
0
0
0
0
0
0
0
0
0
0
0
0
0
0
0
0
0
0
0
0
0
0
0
0
0
0
0
0
0
0
0
0
0
0
0
0
0
0
0
0
0
0
0
0
0
0
0
0
0
0
0
0
0
0
0
0
0
0
0
0
0
0
0
0
0
0
0
0
0
0
0
0
0
0
0
0
0
0
0
0
0
0
0
0
0
0
0
0
0
0
0
0
0
0
0
0
0
0
0
0
0
0
0
0
0
0
0
0
0
0
0
0
0
0
0
0
0
0
0
0
0
0
0
0
0
0
0
0
0
0
0
0
0
0
0
0
0
0
0
0
0
0
0
0
0
0
0
0
0
0
0
0
0
0
0
0
0
0
0
0
0
0
0
0
0
0
0
0
0
0
0
0
0
0
0
0
0
0
0
0
0
0
0
0
0
0
0
0
0
0
0
0
0
0
0
0
0
0
0
0
0
0
0
0
0
0
0
0
0
0
0
0
0
0
0
0
0
0
0
0
0
0
0
0
0
0
0
0
0
0
0
0
0
0
0
0
0
0
0
0
0
0
0
0
0
0
0
0
0
0
0
0
0
0
0
0
0
0
0
0
0
0
0
0
0
0
0
0
0
0
0
0
0
0
0
0
0
0
0
0
0
0
0
0
0
0
0
0
0
0
0
0
0
0
0
0
0
0
0
0
0
0
0
0
0
0
0
0
0
0
0
0
0
0
0
0
0
0
0
0
0
0
0
0
0
0
0
0
0
0
0
0
0
0
0
0
0
0
0
0
0
0
0
0
0
0
0
0
0
0
0
0
0
0
0
0
0
0
0
0
0
0
0
0
0
0
0
0
0
0
0
0
0
0
0
0
0
0
0
0
0
0
0
0
0
0
0
0
0
0
0
0
0
0
0
0
0
0
0
0
0
0
0
0
0
0
0
0
0
0
0
0
0
0
0
0
0
0
0
0
0
0
0
0
0
0
0
0
0
0
0
0
0
0
0
0
0
0
0
0
0
0
0
0
0
0
0
0
0
0
0
0
0
0
0
0
0
0
0
0
0
0
0
0
0
0
0
0
0
0
0
0
0
0
0
0
0
0
0
0
0
0
0
0
0
0
0
0
0
0
0
0
0
0
0
0
0
0
0
0
0
0
0
0
0
0
0
0
0
0
0
0
0
0
0
0
0
0
0
0
0
0
0
0
0
0
0
0
0
0
0
0
0
0
0
0
0
0
0
0
0
0
0
0
0
0
0
0
0
0
0
0
0
0
0
0
0
0
0
0
0
0
0
0
0
0
0
0
0
0
0
0
0
0
0
0
0
0
0
0
0
0
0
0
0
0
0
0
0
0
0
0
0
0
0
0
0
0
0
0
0
0
0
0
0
0
0
0
0
0
0
0
0
0
0
0
0
0
0
0
0
0
0
0
0
0
0
0
0
0
0
0
0
0
0
0
0
0
0
0
0
0
0
0
0
0
0
0
0
0
0
0
0
0
0
0
0
0
0
0
0
0
0
0
0
0
0
0
0
0
0
0
0
0
0
0
0
0
0
0
0
0
0
0
0
0
0
0
0
0
0
0
0
0
0
0
0
0
0
0
0
0
0
0
0
0
0
0
0
0
0
0
0
0
0
0
0
0
0
0
0
0
0
0
0
0
0
0
0
0
0
0
0
0
0
0
0
0
0
0
0
0
0
0
0
0
0
0
0
0
0
0
0
0
0
0
0
0
0
0
0
0
0
0
0
0
0
0
0
0
0
0
0
0
0
0
0
0
0
0
0
0
0
0
0
0
0
0
0
0
0
0
0
0
0
0
0
0
0
0
0
0
0
0
0
0
0
0
0
0
0
0
0
0
0
0
0
0
0
0
0
0
0
0
0
0
0
0
0
0
0
0
0
0
0
0
0
0
0
0
0
0
0
0
0
0
0
0
0
0
0
0
0
0
0
0
0
0
0
0
0
0
0
0
0
0
0
0
0
0
0
0
0
0
0
0
0
0
0
0
0
0
0
0
0
0
0
0
0
0
0
0
0
0
0
0
0
0
0
0
0
0
0
0
0
0
0
0
0
0
0
0
0
0
0
0
0
0
0
0
0
0
0
0
0
0
0
0
0
0
0
0
0
0
0
0
0
0
0
0
0
0
0
0
0
0
0
0
0
0
0
0
0
0
0
0
0
0
0
0
0
0
0
0
0
0
0
0
0
0
0
0
0
0
0
0
0
0
0
0
0
0
0
0
0
0
0
0
0
0
0
0
0
0
0
0
0
0
0
0
0
0
0
0
0
0
0
0
0
0
0
0
0
0
0
0
0
0
0
0
0
0
0
0
0
0
0
0
0
0
0
0
0
0
0
0
0
0
0
0
0
0
0
0
0
0
0
0
0
0
0
0
0
0
0
0
0
0
0
0
0
0
0
0
0
0
0
0
0
0
0
0
0
0
0
0
0
0
0
0
0
0
0
0
0
0
0
0
0
0
0
0
0
0
0
0
0
0
0
0
0
0
0
0
0
0
0
0
0
0
0
0
0
0
0
0
0
0
0
0
0
0
0
0
0
0
0
0
0
0
0
0
0
0
0
0
0
0
0
0
0
0
0
0
0
0
0
0
0
0
0
0
0
0
0
0
0
0
0
0
0
0
0
0
0
0
0
0
0
0
0
0
0
0
0
0
0
0
0
0
0
0
0
0
0
0
0
0
0
0
0
0
0
0
0
0
0
0
0
0
0
0
0
0
0
0
0
0
0
0
0
0
0
0
0
0
0
0
0
0
0
0
0
0
0
0
0
0
0
0
0
0
0
0
0
0
0
0
0
0
0
0
0
0
0
0
0
0
0
0
0
0
0
0
0
0
0
0
0
0
0
0
0
0
0
0
0
0
0
0
0
0
0
0
0
0
0
0
0
0
0
0
0
0
0
0
0
0
0
0
0
0
0
0
0
0
0
0
0
0
0
0
0
0
0
0
0
0
0
0
0
0
0
0
0
0
0
0
0
0
0
0
0
0
0
0
0
0
0
0
0
0
0
0
0
0
0
0
0
0
0
0
0
0
0
0
0
0
0
0
0
0
0
0
0
0
0
0
0
0
0
0
0
0
0
0
0
0
0
0
0
0
0
0
0
0
0
0
0
0
0
0
0
0
0
0
0
0
0
0
0
0
0
0
0
0
0
0
0
0
0
0
0
0
0
0
0
0
0
0
0
0
0
0
0
0
0
0
0
0
0
0
0
0
0
0
0
0
0
0
0
0
0
0
0
0
0
0
0
0
0
0
0
0
0
0
0
0
0
0
0
0
0
0
0
0
0
0
0
0
0
0
0
0
0
0
0
0
0
0
0
0
0
0
0
0
0
0
0
0
0
0
0
0
0
0
0
0
0
0
0
0
0
0
0
0
0
0
0
0
0
0
0
0
0
0
0
0
0
0
0
0
0
0
0
0
0
0
0
0
0
0
0
0
0
0
0
0
0
0
0
0
0
0
0
0
0
0
0
0
0
0
0
0
0
0
0
0
0
0
0
0
0
0
0
0
0
0
0
0
0
0
0
0
0
0
0
0
0
0
0
0
0
0
0
0
0
0
0
0
0
0
0
0
0
0
0
0
0
0
0
0
0
0
0
0
0
0
0
0
0
0
0
0
0
0
0
0
0
0
0
0
0
0
0
0
0
0
0
0
0
0
0
0
0
0
0
0
0
0
0
0
0
0
0
0
0
0
0
0
0
0
0
0
0
0
0
0
0
0
0
0
0
0
0
0
0
0
0
0
0
0
0
0
0
0
0
0
0
0
0
0
0
0
0
0
0
0
0
0
0
0
0
0
0
0
0
0
0
0
0
0
0
0
0
0
0
0
0
0
0
0
0
0
0
0
0
0
0
0
0
0
0
0
0
0
0
0
0
0
0
0
0
0
0
0
0
0
0
0
0
0
0
0
0
0
0
0
0
0
0
0
0
0
0
0
0
0
0
0
0
0
0
0
0
0
0
0
0
0
0
0
0
0
0
0
0
0
0
0
0
0
0
0
0
0
0
0
0
0
0
0
0
0
0
0
0
0
0
0
0
0
0
0
0
0
0
0
0
0
0
0
0
0
0
0
0
0
0
0
0
0
0
0
0
0
0
0
0
0
0
0
0
0
0
0
0
0
0
0
0
0
0
0
0
0
0
0
0
0
0
0
0
0
0
0
0
0
0
0
0
0
0
0
0
0
0
0
0
0
0
0
0
0
0
0
0
0
0
0
0
0
0
0
0
0
0
0
0
0
0
0
0
0
0
0
0
0
0
0
0
0
0
0
0
0
0
0
0
0
0
0
0
0
0
0
0
0
0
0
0
0
0
0
0
0
0
0
0
0
0
0
0
0
0
0
0
0
0
0
0
0
0
0
0
0
0
0
0
0
0
0
0
0
0
0
0
0
0
0
0
0
0
0
0
0
0
0
0
0
0
0
0
0
0
0
0
0
0
0
0
0
0
0
0
0
0.459
0.531
0.543
0.537
0.541
0.541
0.53
0.529
0.539
0.548
0.548
0.546
0.55
0.547
0.514
0.574
0.581
0.571
0.574
0.577
0.57
0.571
0.58
0.583
0.584
0.582
0.586
0.584
0.534
0.596
0.604
0.593
0.592
0.596
0.596
0.602
0.608
0.606
0.603
0.602
0.605
0.606
0.533
0.595
0.609
0.601
0.597
0.599
0.605
0.613
0.616
0.612
0.608
0.603
0.607
0.608
0.53
0.59
0.609
0.607
0.603
0.6
0.605
0.612
0.61
0.605
0.605
0.602
0.604
0.603
0.527
0.585
0.607
0.611
0.61
0.602
0.6
0.605
0.602
0.594
0.6
0.606
0.608
0.603
0.524
0.582
0.605
0.611
0.614
0.602
0.594
0.601
0.601
0.591
0.6
0.617
0.619
0.609
0.526
0.583
0.603
0.609
0.613
0.602
0.594
0.603
0.606
0.597
0.605
0.623
0.628
0.615
0.534
0.587
0.603
0.606
0.61
0.6
0.597
0.607
0.61
0.606
0.61
0.621
0.626
0.613
0.549
0.594
0.604
0.605
0.604
0.598
0.6
0.611
0.612
0.612
0.612
0.614
0.617
0.607
0.567
0.602
0.604
0.603
0.597
0.596
0.602
0.61
0.611
0.613
0.614
0.613
0.612
0.605
0.578
0.605
0.601
0.6
0.594
0.597
0.602
0.602
0.605
0.611
0.615
0.615
0.615
0.608
0.576
0.601
0.596
0.601
0.598
0.6
0.598
0.594
0.599
0.61
0.615
0.614
0.616
0.614
0.566
0.594
0.593
0.605
0.605
0.601
0.594
0.594
0.6
0.611
0.614
0.609
0.615
0.618
0.56
0.591
0.593
0.609
0.61
0.601
0.595
0.603
0.607
0.611
0.611
0.603
0.61
0.616
0.565
0.593
0.595
0.61
0.609
0.602
0.602
0.612
0.612
0.609
0.607
0.6
0.605
0.61
0.57
0.595
0.597
0.611
0.608
0.605
0.608
0.616
0.611
0.605
0.605
0.602
0.604
0.606
0.569
0.595
0.6
0.613
0.61
0.61
0.615
0.618
0.609
0.603
0.606
0.607
0.609
0.607
0.56
0.594
0.604
0.616
0.612
0.612
0.619
0.622
0.61
0.604
0.607
0.61
0.613
0.61
0.551
0.592
0.607
0.616
0.611
0.608
0.615
0.623
0.612
0.608
0.608
0.608
0.613
0.612
0.55
0.594
0.607
0.613
0.607
0.602
0.608
0.619
0.611
0.609
0.607
0.606
0.613
0.614
0.557
0.6
0.607
0.609
0.607
0.604
0.606
0.614
0.61
0.61
0.607
0.607
0.615
0.614
0.565
0.607
0.606
0.608
0.612
0.611
0.611
0.613
0.612
0.616
0.613
0.608
0.616
0.613
0.567
0.607
0.603
0.607
0.616
0.616
0.617
0.616
0.615
0.623
0.619
0.609
0.614
0.611
0.562
0.6
0.599
0.608
0.617
0.615
0.62
0.62
0.616
0.624
0.62
0.608
0.613
0.614
0.549
0.59
0.601
0.612
0.617
0.614
0.624
0.624
0.618
0.624
0.618
0.607
0.613
0.618
0.534
0.586
0.607
0.616
0.615
0.613
0.626
0.628
0.621
0.625
0.618
0.608
0.612
0.619
0.525
0.588
0.613
0.617
0.613
0.615
0.627
0.629
0.624
0.626
0.621
0.613
0.612
0.619
0.528
0.591
0.615
0.613
0.61
0.617
0.626
0.625
0.622
0.622
0.621
0.617
0.613
0.618
0.541
0.597
0.616
0.609
0.607
0.621
0.622
0.617
0.616
0.617
0.617
0.616
0.612
0.618
0.553
0.606
0.621
0.609
0.607
0.625
0.621
0.61
0.611
0.611
0.611
0.61
0.608
0.618
0.559
0.613
0.628
0.611
0.61
0.629
0.623
0.612
0.613
0.61
0.607
0.605
0.607
0.621
0.558
0.614
0.632
0.614
0.612
0.628
0.624
0.617
0.618
0.611
0.608
0.606
0.611
0.628
0.554
0.612
0.632
0.617
0.612
0.621
0.624
0.621
0.623
0.615
0.613
0.613
0.619
0.63
0.55
0.609
0.631
0.621
0.613
0.614
0.623
0.626
0.627
0.619
0.619
0.622
0.624
0.628
0.547
0.606
0.627
0.624
0.615
0.611
0.622
0.624
0.627
0.621
0.622
0.624
0.622
0.624
0.549
0.605
0.62
0.622
0.618
0.612
0.616
0.614
0.618
0.62
0.623
0.62
0.616
0.621
0.555
0.605
0.613
0.616
0.618
0.611
0.61
0.604
0.609
0.617
0.622
0.614
0.612
0.619
0.561
0.606
0.61
0.612
0.614
0.609
0.608
0.608
0.611
0.617
0.623
0.614
0.612
0.619
0.567
0.609
0.613
0.609
0.608
0.607
0.614
0.623
0.62
0.618
0.624
0.619
0.619
0.621
0.574
0.612
0.616
0.608
0.603
0.61
0.624
0.633
0.626
0.616
0.621
0.623
0.625
0.625
0.582
0.615
0.615
0.603
0.6
0.613
0.628
0.632
0.623
0.614
0.615
0.62
0.627
0.628
0.59
0.617
0.61
0.597
0.598
0.617
0.626
0.626
0.62
0.613
0.611
0.617
0.626
0.628
0.59
0.616
0.607
0.598
0.605
0.621
0.622
0.622
0.62
0.616
0.61
0.612
0.622
0.625
0.578
0.611
0.608
0.604
0.613
0.624
0.615
0.617
0.621
0.621
0.611
0.607
0.617
0.622
0.559
0.604
0.609
0.608
0.616
0.622
0.609
0.607
0.617
0.627
0.614
0.604
0.612
0.621
0.544
0.599
0.612
0.613
0.616
0.621
0.61
0.598
0.609
0.63
0.619
0.605
0.612
0.625
0.537
0.596
0.618
0.617
0.617
0.624
0.618
0.597
0.602
0.626
0.62
0.609
0.617
0.633
0.537
0.598
0.623
0.618
0.615
0.622
0.62
0.599
0.599
0.619
0.617
0.613
0.622
0.637
0.54
0.6
0.627
0.619
0.611
0.614
0.612
0.599
0.601
0.615
0.614
0.613
0.622
0.632
0.545
0.602
0.628
0.625
0.616
0.611
0.605
0.601
0.605
0.615
0.613
0.611
0.618
0.623
0.552
0.602
0.626
0.631
0.624
0.617
0.608
0.609
0.61
0.615
0.614
0.613
0.619
0.617
0.555
0.6
0.618
0.626
0.623
0.62
0.612
0.616
0.613
0.613
0.617
0.621
0.626
0.617
0.552
0.597
0.61
0.612
0.612
0.615
0.61
0.615
0.611
0.611
0.618
0.627
0.634
0.623
0.549
0.594
0.606
0.601
0.602
0.608
0.605
0.609
0.605
0.609
0.614
0.622
0.632
0.626
0.548
0.593
0.606
0.601
0.6
0.605
0.603
0.602
0.6
0.607
0.607
0.608
0.62
0.621
0.548
0.595
0.608
0.603
0.6
0.603
0.602
0.601
0.6
0.607
0.603
0.598
0.607
0.61
0.547
0.594
0.604
0.599
0.599
0.603
0.602
0.604
0.606
0.61
0.606
0.598
0.603
0.605
0.549
0.592
0.598
0.594
0.597
0.607
0.606
0.608
0.61
0.612
0.606
0.601
0.607
0.61
0.552
0.591
0.597
0.595
0.601
0.615
0.614
0.61
0.612
0.61
0.603
0.598
0.609
0.617
0.557
0.597
0.606
0.603
0.607
0.623
0.62
0.608
0.609
0.609
0.6
0.596
0.609
0.619
0.563
0.606
0.616
0.607
0.608
0.625
0.619
0.599
0.603
0.609
0.604
0.601
0.61
0.618
0.563
0.608
0.619
0.607
0.605
0.619
0.614
0.592
0.597
0.61
0.611
0.607
0.61
0.615
0.555
0.603
0.615
0.606
0.6
0.609
0.608
0.591
0.597
0.614
0.614
0.608
0.608
0.612
0.544
0.593
0.605
0.602
0.594
0.6
0.606
0.597
0.603
0.613
0.609
0.605
0.606
0.608
0.539
0.587
0.596
0.597
0.591
0.596
0.609
0.607
0.609
0.607
0.6
0.601
0.603
0.606
0.541
0.591
0.596
0.596
0.594
0.598
0.612
0.615
0.611
0.598
0.593
0.596
0.599
0.607
0.543
0.599
0.605
0.599
0.596
0.598
0.614
0.617
0.608
0.594
0.593
0.597
0.599
0.611
0.542
0.603
0.611
0.603
0.599
0.599
0.614
0.618
0.606
0.594
0.595
0.601
0.606
0.615
0.541
0.602
0.61
0.605
0.603
0.605
0.617
0.618
0.606
0.595
0.595
0.604
0.615
0.62
0.543
0.598
0.606
0.604
0.608
0.618
0.626
0.618
0.604
0.595
0.594
0.606
0.621
0.623
0.547
0.596
0.6
0.598
0.612
0.634
0.639
0.621
0.604
0.599
0.598
0.606
0.62
0.62
0.552
0.593
0.594
0.591
0.613
0.648
0.652
0.629
0.609
0.605
0.604
0.604
0.611
0.61
0.557
0.594
0.593
0.587
0.612
0.653
0.658
0.636
0.614
0.607
0.606
0.603
0.605
0.602
0.563
0.601
0.599
0.592
0.606
0.644
0.656
0.637
0.614
0.602
0.6
0.604
0.607
0.6
0.564
0.605
0.609
0.599
0.595
0.624
0.643
0.631
0.61
0.595
0.592
0.604
0.611
0.599
0.561
0.603
0.612
0.604
0.586
0.604
0.627
0.623
0.605
0.59
0.587
0.603
0.608
0.594
0.558
0.594
0.607
0.607
0.589
0.595
0.615
0.615
0.602
0.592
0.589
0.603
0.603
0.59
0.559
0.588
0.6
0.612
0.6
0.596
0.608
0.61
0.603
0.602
0.598
0.603
0.598
0.59
0.561
0.588
0.6
0.618
0.611
0.6
0.605
0.61
0.609
0.61
0.607
0.604
0.596
0.592
0.562
0.594
0.605
0.621
0.614
0.603
0.605
0.612
0.614
0.612
0.609
0.605
0.595
0.596
0.562
0.597
0.608
0.616
0.611
0.604
0.605
0.614
0.616
0.609
0.605
0.603
0.596
0.597
0.542
0.58
0.596
0.6
0.595
0.59
0.588
0.595
0.599
0.589
0.579
0.576
0.573
0.573
0.458
0.501
0.53
0.538
0.533
0.522
0.508
0.511
0.516
0.505
0.486
0.479
0.479
0.474
0.297
0.34
0.381
0.392
0.39
0.373
0.345
0.341
0.347
0.339
0.317
0.307
0.309
0.299
0.128
0.158
0.193
0.202
0.203
0.188
0.16
0.153
0.159
0.156
0.14
0.132
0.134
0.125
0.0292
0.0422
0.0593
0.0627
0.0647
0.0569
0.0407
0.0378
0.041
0.042
0.0348
0.0308
0.0317
0.0278
0.0017
0.0039
0.00834
0.00845
0.00965
0.0073
0.00323
0.00302
0.00385
0.00504
0.00339
0.00225
0.00243
0.00188
4.54e-10
1.75e-06
0.000178
0.000118
0.00038
0.000188
8.48e-07
1.5e-08
1.49e-05
0.000204
4.48e-05
8.2e-07
3.15e-07
1.03e-11
0
0
0
0
0
0
0
0
0
0
0
0
0
0
0
0
0
0
0
0
0
0
0
0
0
0
0
0
0
0
0
0
0
0
0
0
0
0
0
0
0
0
0
0
0
0
0
0
0
0
0
0
0
0
0
0
0
0
0
0
0
0
0
0
0
0
0
0
0
0
0
0
0
0
0
0
0
0
0
0
0
0
0
0
0
0
0
0
0
0
0
0
0
0
0
0
0
0
0
0
0
0
0
0
0
0
0
0
0
0
0
0
0
0
0
0
0
0
0
0
0
0
0
0
0
0
0
0
0
0
0
0
0
0
0
0
0
0
0
0
0
0
0
0
0
0
0
0
0
0
0
0
0
0
0
0
0
0
0
0
0
0
0
0
0
0
0
0
0
0
0
0
0
0
0
0
0
0
0
0
0
0
0
0
0
0
0
0
0
0
0
0
0
0
0
0
0
0
0
0
0
0
0
0
0
0
0
0
0
0
0
0
0
0
0
0
0
0
0
0
0
0
0
0
0
0
0
0
0
0
0
0
0
0
0
0
0
0
0
0
0
0
0
0
0
0
0
0
0
0
0
0
0
0
0
0
0
0
0
0
0
0
0
0
0
0
0
0
0
0
0
0
0
0
0
0
0
0
0
0
0
0
0
0
0
0
0
0
0
0
0
0
0
0
0
0
0
0
0
0
0
0
0
0
0
0
0
0
0
0
0
0
0
0
0
0
0
0
0
0
0
0
0
0
0
0
0
0
0
0
0
0
0
0
0
0
0
0
0
0
0
0
0
0
0
0
0
0
0
0
0
0
0
0
0
0
0
0
0
0
0
0
0
0
0
0
0
0
0
0
0
0
0
0
0
0
0
0
0
0
0
0
0
0
0
0
0
0
0
0
0
0
0
0
0
0
0
0
0
0
0
0
0
0
0
0
0
0
0
0
0
0
0
0
0
0
0
0
0
0
0
0
0
0
0
0
0
0
0
0
0
0
0
0
0
0
0
0
0
0
0
0
0
0
0
0
0
0
0
0
0
0
0
0
0
0
0
0
0
0
0
0
0
0
0
0
0
0
0
0
0
0
0
0
0
0
0
0
0
0
0
0
0
0
0
0
0
0
0
0
0
0
0
0
0
0
0
0
0
0
0
0
0
0
0
0
0
0
0
0
0
0
0
0
0
0
0
0
0
0
0
0
0
0
0
0
0
0
0
0
0
0
0
0
0
0
0
0
0
0
0
0
0
0
0
0
0
0
0
0
0
0
0
0
0
0
0
0
0
0
0
0
0
0
0
0
0
0
0
0
0
0
0
0
0
0
0
0
0
0
0
0
0
0
0
0
0
0
0
0
0
0
0
0
0
0
0
0
0
0
0
0
0
0
0
0
0
0
0
0
0
0
0
0
0
0
0
0
0
0
0
0
0
0
0
0
0
0
0
0
0
0
0
0
0
0
0
0
0
0
0
0
0
0
0
0
0
0
0
0
0
0
0
0
0
0
0
0
0
0
0
0
0
0
0
0
0
0
0
0
0
0
0
0
0
0
0
0
0
0
0
0
0
0
0
0
0
0
0
0
0
0
0
0
0
0
0
0
0
0
0
0
0
0
0
0
0
0
0
0
0
0
0
0
0
0
0
0
0
0
0
0
0
0
0
0
0
0
0
0
0
0
0
0
0
0
0
0
0
0
0
0
0
0
0
0
0
0
0
0
0
0
0
0
0
0
0
0
0
0
0
0
0
0
0
0
0
0
0
0
0
0
0
0
0
0
0
0
0
0
0
0
0
0
0
0
0
0
0
0
0
0
0
0
0
0
0
0
0
0
0
0
0
0
0
0
0
0
0
0
0
0
0
0
0
0
0
0
0
0
0
0
0
0
0
0
0
0
0
0
0
0
0
0
0
0
0
0
0
0
0
0
0
0
0
0
0
0
0
0
0
0
0
0
0
0
0
0
0
0
0
0
0
0
0
0
0
0
0
0
0
0
0
0
0
0
0
0
0
0
0
0
0
0
0
0
0
0
0
0
0
0
0
0
0
0
0
0
0
0
0
0
0
0
0
0
0
0
0
0
0
0
0
0
0
0
0
0
0
0
0
0
0
0
0
0
0
0
0
0
0
0
0
0
0
0
0
0
0
0
0
0
0
0
0
0
0
0
0
0
0
0
0
0
0
0
0
0
0
0
0
0
0
0
0
0
0
0
0
0
0
0
0
0
0
0
0
0
0
0
0
0
0
0
0
0
0
0
0
0
0
0
0
0
0
0
0
0
0
0
0
0
0
0
0
0
0
0
0
0
0
0
0
0
0
0
0
0
0
0
0
0
0
0
0
0
0
0
0
0
0
0
0
0
0
0
0
0
0
0
0
0
0
0
0
0
0
0
0
0
0
0
0
0
0
0
0
0
0
0
0
0
0
0
0
0
0
0
0
0
0
0
0
0
0
0
0
0
0
0
0
0
0
0
0
0
0
0
0
0
0
0
0
0
0
0
0
0
0
0
0
0
0
0
0
0
0
0
0
0
0
0
0
0
0
0
0
0
0
0
0
0
0
0
0
0
0
0
0
0
0
0
0
0
0
0
0
0
0
0
0
0
0
0
0
0
0
0
0
0
0
0
0
0
0
0
0
0
0
0
0
0
0
0
0
0
0
0
0
0
0
0
0
0
0
0
0
0
0
0
0
0
0
0
0
0
0
0
0
0
0
0
0
0
0
0
0
0
0
0
0
0
0
0
0
0
0
0
0
0
0
0
0
0
0
0
0
0
0
0
0
0
0
0
0
0
0
0
0
0
0
0
0
0
0
0
0
0
0
0
0
0
0
0
0
0
0
0
0
0
0
0
0
0
0
0
0
0
0
0
0
0
0
0
0
0
0
0
0
0
0
0
0
0
0
0
0
0
0
0
0
0
0
0
0
0
0
0
0
0
0
0
0
0
0
0
0
0
0
0
0
0
0
0
0
0
0
0
0
0
0
0
0
0
0
0
0
0
0
0
0
0
0
0
0
0
0
0
0
0
0
0
0
0
0
0
0
0
0
0
0
0
0
0
0
0
0
0
0
0
0
0
0
0
0
0
0
0
0
0
0
0
0
0
0
0
0
0
0
0
0
0
0
0
0
0
0
0
0
0
0
0
0
0
0
0
0
0
0
0
0
0
0
0
0
0
0
0
0
0
0
0
0
0
0
0
0
0
0
0
0
0
0
0
0
0
0
0
0
0
0
0
0
0
0
0
0
0
0
0
0
0
0
0
0
0
0
0
0
0
0
0
0
0
0
0
0
0
0
0
0
0
0
0
0
0
0
0
0
0
0
0
0
0
0
0
0
0
0
0
0
0
0
0
0
0
0
0
0
0
0
0
0
0
0
0
0
0
0
0
0
0
0
0
0
0
0
0
0
0
0
0
0
0
0
0
0
0
0
0
0
0
0
0
0
0
0
0
0
0
0
0
0
0
0
0
0
0
0
0
0
0
0
0
0
0
0
0
0
0
0
0
0
0
0
0
0
0
0
0
0
0
0
0
0
0
0
0
0
0
0
0
0
0
0
0
0
0
0
0
0
0
0
0
0
0
0
0
0
0
0
0
0
0
0
0
0
0
0
0
0
0
0
0
0
0
0
0
0
0
0
0
0
0
0
0
0
0
0
0
0
0
0
0
0
0
0
0
0
0
0
0
0
0
0
0
0
0
0
0
0
0
0
0
0
0
0
0
0
0
0
0
0
0
0
0
0
0
0
0
0
0
0
0
0
0
0
0
0
0
0
0
0
0
0
0
0
0
0
0
0
0
0
0
0
0
0
0
0
0
0
0
0
0
0
0
0
0
0
0
0
0
0
0
0
0
0
0
0
0
0
0
0
0
0
0
0
0
0
0
0
0
0
0
0
0
0
0
0
0
0
0
0
0
0
0
0
0
0
0
0
0
0
0
0
0
0
0
0
0
0
0
0
0
0
0
0
0
0
0
0
0
0
0
0
0
0
0
0
0
0
0
0
0
0
0
0
0
0
0
0
0
0
0
0
0
0
0
0
0
0
0
0
0
0
0
0
0
0
0
0
0
0
0
0
0
0
0
0
0
0
0
0
0
0
0
0
0
0
0
0
0
0
0
0
0
0
0
0
0
0
0
0
0
0
0
0
0
0
0
0
0
0
0
0
0
0
0
0
0
0
0
0
0
0
0
0
0
0
0
0
0
0
0
0
0
0
0
0
0
0
0
0
0
0
0
0
0
0
0
0
0
0
0
0
0
0
0
0
0
0
0
0
0
0
0
0
0
0
0
0
0
0
0
0
0
0
0
0
0
0
0
0
0
0
0
0
0
0
0
0
0
0
0
0
0
0
0
0
0
0
0
0
0
0
0
0
0
0
0
0
0
0
0
0
0
0
0
0
0
0
0
0
0
0
0
0
0
0
0
0
0
0
0
0
0
0
0
0
0
0
0
0
0
0
0
0
0
0
0
0
0
0
0
0
0
0
0
0
0
0
0
0
0
0
0
0
0
0
0
0
0
0
0
0
0
0
0
0
0
0
0
0
0
0
0
0
0
0
0
0
0
0
0
0
0
0
0
0
0
0
0
0
0
0
0
0
0
0
0
0
0
0
0
0
0
0
0
0
0
0
0
0
0
0
0
0
0
0
0
0
0
0
0
0
0
0
0
0
0
0
0
0
0
0
0
0
0
0
0
0
0
0
0
0
0
0
0
0
0
0
0
0
0
0
0
0
0
0
0
0
0
0
0
0
0
0
0
0
0
0
0
0
0
0
0
0
0
0
0
0
0
0
0
0
0
0
0
0
0
0
0
0
0
0
0
0
0
0
0
0
0
0
0
0
0
0
0
0
0
0
0
0
0
0
0
0
0
0
0
0
0
0
0
0
0
0
0
0
0
0
0
0
0
0
0
0
0
0
0
0
0
0
0
0
0
0
0
0
0
0
0
0
0
0
0
0
0
0
0
0
0
0
0
0
0
0
0
0
0
0
0
0
0
0
0
0
0
0
0
0
0
0
0
0
0
0
0
0
0
0
0
0
0
0
0
0
0
0
0
0
0
0
0
0
0
0
0
0
0
0
0
0
0
0
0
0
0
0
0
0
0
0
0
0.567
0.553
0.6
0.588
0.616
0.608
0.616
0.612
0.614
0.614
0.613
0.615
0.614
0.614
0.614
0.614
0.612
0.615
0.61
0.615
0.605
0.61
0.598
0.603
0.598
0.598
0.603
0.599
0.609
0.604
0.612
0.611
0.613
0.615
0.612
0.614
0.61
0.614
0.608
0.614
0.608
0.615
0.613
0.618
0.62
0.622
0.623
0.624
0.624
0.625
0.625
0.626
0.628
0.628
0.629
0.628
0.625
0.626
0.619
0.624
0.616
0.62
0.617
0.617
0.614
0.616
0.607
0.615
0.602
0.614
0.609
0.615
0.619
0.62
0.626
0.625
0.625
0.624
0.621
0.62
0.618
0.616
0.617
0.614
0.617
0.614
0.615
0.614
0.614
0.615
0.617
0.618
0.623
0.622
0.628
0.621
0.629
0.62
0.628
0.62
0.623
0.621
0.617
0.62
0.612
0.62
0.61
0.621
0.608
0.62
0.607
0.617
0.609
0.613
0.614
0.608
0.614
0.602
0.609
0.594
0.603
0.59
0.601
0.59
0.6
0.593
0.597
0.595
0.594
0.597
0.593
0.6
0.594
0.601
0.597
0.6
0.599
0.6
0.601
0.601
0.6
0.602
0.601
0.606
0.604
0.609
0.608
0.61
0.61
0.612
0.611
0.616
0.612
0.616
0.61
0.613
0.609
0.612
0.61
0.614
0.61
0.616
0.604
0.607
0.573
0.563
0.475
0.446
0.306
0.265
0.134
0.102
0.0343
0.0203
0.00366
0.00139
2.18e-05
7.57e-07
0
0
0
0
0
0
0
0
0
0
0
0
0
0
0
0
0
0
0
0
0
0
0
0
0
0
0
0
0
0
0
0
0
0
0
0
0
0
0
0
0
0
0
0
0
0
0
0
0
0
0
0
0
0
0
0
0
0
0
0
0
0
0
0
0
0
0
0
0
0
0
0
0
0
0
0
0
0
0
0
0
0
0
0
0
0
0
0
0
0
0
0
0
0
0
0
0
0
0
0
0
0
0
0
0
0
0
0
0
0
0
0
0
0
0
0
0
0
0
0
0
0
0
0
0
0
0
0
0
0
0
0
0
0
0
0
0
0
0
0
0
0
0
0
0
0
0
0
0
0
0
0
0
0
0
0
0
0
0
0
0
0
0
0
0
0
0
0
0
0
0
0
0
0
0
0
0
0
0
0
0
0
0
0
0
0
0
0
0
0
0
0
0
0
0
0
0
0
0
0
0
0
0
0
0
0
0
0
0
0
0
0
0
0
0
0
0
0
0
0
0
0
0
0
0
0
0
0
0
0
0
0
0
0
0
0
0
0
0
0
0
0
0
0
0
0
0
0
0
0
0
0
0
0
0
0
0
0
0
0
0
0
0
0
0
0
0
0
0
0
0
0
0
0
0
0
0
0
0
0
0
0
0
0
0
0
0
0
0
0
0
0
0
0
0
0
0
0
0
0
0
0
0
0
0
0
0
0
0
0
0
0
0
0
0
0
0
0
0
0
0
0
0.545
0.546
0.584
0.584
0.608
0.608
0.612
0.614
0.609
0.616
0.61
0.62
0.615
0.622
0.616
0.62
0.614
0.617
0.611
0.614
0.608
0.611
0.607
0.607
0.606
0.602
0.607
0.599
0.609
0.602
0.61
0.608
0.609
0.61
0.606
0.61
0.607
0.609
0.611
0.613
0.616
0.62
0.621
0.625
0.621
0.627
0.62
0.625
0.62
0.622
0.621
0.62
0.619
0.616
0.616
0.613
0.614
0.611
0.615
0.611
0.617
0.61
0.621
0.612
0.625
0.618
0.626
0.622
0.624
0.621
0.621
0.616
0.619
0.613
0.617
0.615
0.616
0.618
0.616
0.617
0.616
0.615
0.619
0.615
0.621
0.615
0.621
0.614
0.619
0.614
0.62
0.616
0.625
0.62
0.63
0.624
0.633
0.629
0.631
0.63
0.624
0.625
0.614
0.617
0.608
0.612
0.609
0.612
0.613
0.611
0.61
0.606
0.602
0.599
0.595
0.593
0.596
0.591
0.602
0.59
0.607
0.591
0.61
0.597
0.615
0.61
0.618
0.62
0.617
0.619
0.612
0.609
0.609
0.601
0.609
0.601
0.61
0.607
0.61
0.609
0.61
0.608
0.611
0.607
0.608
0.609
0.605
0.61
0.602
0.61
0.597
0.607
0.591
0.6
0.586
0.593
0.587
0.591
0.591
0.594
0.598
0.601
0.601
0.604
0.571
0.574
0.461
0.462
0.278
0.278
0.108
0.107
0.0207
0.0202
0.000755
0.000777
0
0
0
0
0
0
0
0
0
0
0
0
0
0
0
0
0
0
0
0
0
0
0
0
0
0
0
0
0
0
0
0
0
0
0
0
0
0
0
0
0
0
0
0
0
0
0
0
0
0
0
0
0
0
0
0
0
0
0
0
0
0
0
0
0
0
0
0
0
0
0
0
0
0
0
0
0
0
0
0
0
0
0
0
0
0
0
0
0
0
0
0
0
0
0
0
0
0
0
0
0
0
0
0
0
0
0
0
0
0
0
0
0
0
0
0
0
0
0
0
0
0
0
0
0
0
0
0
0
0
0
0
0
0
0
0
0
0
0
0
0
0
0
0
0
0
0
0
0
0
0
0
0
0
0
0
0
0
0
0
0
0
0
0
0
0
0
0
0
0
0
0
0
0
0
0
0
0
0
0
0
0
0
0
0
0
0
0
0
0
0
0
0
0
0
0
0
0
0
0
0
0
0
0
0
0
0
0
0
0
0
0
0
0
0
0
0
0
0
0
0
0
0
0
0
0
0
0
0
0
0
0
0
0
0
0
0
0
0
0
0
0
0
0
0
0
0
0
0
0
0
0
0
0
0
0
0
0
0
0
0
0
0
0
0
0
0
0
0
0
0
0
0
0
0
0
0
0
0
0
0
0
0
0
0
0
0
0
0
0
0
0
0
0
0
0
0
0
0
0
0
0
0
0
0
0
0
0
0
0
0
0
0
0
0
0
0
0
0
0
0
0
0
0
0.554
0.553
0.554
0.55
0.544
0.546
0.55
0.539
0.544
0.553
0.548
0.534
0.527
0.464
0.59
0.591
0.588
0.581
0.581
0.587
0.585
0.573
0.579
0.586
0.582
0.57
0.563
0.52
0.61
0.614
0.611
0.602
0.605
0.612
0.603
0.592
0.599
0.605
0.6
0.589
0.582
0.549
0.614
0.62
0.619
0.61
0.611
0.619
0.607
0.597
0.603
0.607
0.604
0.593
0.585
0.554
0.613
0.615
0.617
0.61
0.609
0.618
0.611
0.603
0.602
0.604
0.605
0.594
0.582
0.549
0.612
0.61
0.611
0.606
0.605
0.614
0.614
0.611
0.602
0.602
0.606
0.596
0.583
0.545
0.611
0.606
0.607
0.606
0.605
0.607
0.612
0.616
0.605
0.603
0.605
0.595
0.583
0.547
0.611
0.603
0.603
0.608
0.606
0.602
0.607
0.616
0.607
0.605
0.604
0.591
0.583
0.55
0.611
0.6
0.6
0.609
0.611
0.603
0.607
0.614
0.607
0.609
0.605
0.592
0.585
0.552
0.61
0.6
0.601
0.61
0.614
0.608
0.609
0.612
0.609
0.614
0.608
0.598
0.594
0.553
0.608
0.605
0.607
0.611
0.613
0.611
0.612
0.61
0.609
0.616
0.609
0.604
0.604
0.554
0.606
0.61
0.611
0.612
0.608
0.611
0.616
0.611
0.609
0.613
0.606
0.604
0.604
0.555
0.604
0.612
0.611
0.61
0.606
0.613
0.62
0.616
0.611
0.61
0.604
0.602
0.598
0.555
0.604
0.612
0.611
0.61
0.605
0.612
0.62
0.619
0.616
0.611
0.606
0.6
0.593
0.557
0.606
0.612
0.614
0.613
0.604
0.606
0.614
0.616
0.612
0.611
0.605
0.598
0.592
0.56
0.606
0.607
0.615
0.616
0.607
0.604
0.608
0.608
0.602
0.605
0.602
0.595
0.592
0.558
0.604
0.599
0.609
0.614
0.609
0.61
0.609
0.601
0.593
0.599
0.6
0.597
0.594
0.552
0.605
0.599
0.607
0.611
0.612
0.617
0.613
0.601
0.593
0.598
0.601
0.602
0.597
0.547
0.615
0.614
0.616
0.612
0.614
0.621
0.614
0.606
0.601
0.602
0.605
0.607
0.601
0.547
0.627
0.632
0.626
0.613
0.613
0.619
0.615
0.615
0.611
0.607
0.608
0.609
0.605
0.555
0.632
0.636
0.625
0.608
0.605
0.611
0.612
0.62
0.617
0.609
0.607
0.606
0.608
0.566
0.627
0.628
0.618
0.601
0.596
0.6
0.603
0.618
0.615
0.604
0.603
0.602
0.606
0.568
0.619
0.616
0.615
0.601
0.593
0.593
0.595
0.611
0.608
0.6
0.601
0.601
0.603
0.56
0.613
0.608
0.614
0.606
0.598
0.596
0.595
0.606
0.605
0.602
0.606
0.608
0.606
0.553
0.614
0.609
0.614
0.609
0.603
0.601
0.598
0.604
0.61
0.61
0.612
0.617
0.611
0.55
0.621
0.617
0.616
0.612
0.606
0.602
0.596
0.601
0.618
0.618
0.614
0.621
0.613
0.546
0.628
0.625
0.62
0.615
0.61
0.604
0.593
0.598
0.622
0.622
0.612
0.618
0.608
0.541
0.631
0.63
0.621
0.613
0.613
0.609
0.596
0.601
0.624
0.625
0.612
0.61
0.6
0.539
0.631
0.628
0.618
0.609
0.613
0.613
0.604
0.607
0.625
0.632
0.618
0.605
0.595
0.545
0.625
0.622
0.615
0.609
0.613
0.612
0.607
0.611
0.627
0.637
0.625
0.608
0.601
0.56
0.617
0.617
0.615
0.613
0.616
0.612
0.607
0.613
0.627
0.634
0.624
0.615
0.613
0.572
0.612
0.614
0.615
0.616
0.621
0.616
0.607
0.614
0.624
0.623
0.616
0.618
0.621
0.575
0.612
0.611
0.613
0.616
0.623
0.618
0.605
0.612
0.618
0.614
0.61
0.617
0.617
0.568
0.614
0.607
0.61
0.615
0.623
0.617
0.603
0.609
0.614
0.614
0.611
0.612
0.606
0.558
0.615
0.605
0.607
0.614
0.621
0.613
0.598
0.607
0.614
0.618
0.613
0.606
0.596
0.551
0.614
0.604
0.607
0.614
0.618
0.608
0.595
0.608
0.616
0.619
0.611
0.603
0.594
0.553
0.613
0.604
0.609
0.616
0.619
0.611
0.601
0.613
0.618
0.617
0.611
0.607
0.6
0.564
0.611
0.603
0.611
0.62
0.627
0.622
0.613
0.619
0.618
0.614
0.616
0.62
0.611
0.574
0.61
0.605
0.612
0.624
0.633
0.627
0.616
0.618
0.614
0.611
0.619
0.629
0.617
0.575
0.61
0.606
0.614
0.626
0.631
0.62
0.609
0.611
0.611
0.612
0.618
0.627
0.615
0.569
0.613
0.606
0.614
0.63
0.627
0.611
0.602
0.605
0.61
0.617
0.618
0.617
0.607
0.561
0.616
0.604
0.614
0.63
0.626
0.609
0.599
0.603
0.612
0.624
0.621
0.61
0.604
0.559
0.617
0.604
0.611
0.626
0.625
0.607
0.598
0.605
0.615
0.631
0.628
0.611
0.607
0.563
0.619
0.609
0.61
0.619
0.623
0.603
0.595
0.607
0.619
0.635
0.633
0.615
0.612
0.567
0.623
0.619
0.613
0.617
0.621
0.599
0.592
0.605
0.618
0.634
0.632
0.617
0.614
0.57
0.626
0.627
0.618
0.62
0.622
0.6
0.593
0.604
0.616
0.629
0.629
0.616
0.614
0.57
0.624
0.626
0.619
0.623
0.622
0.604
0.597
0.605
0.614
0.623
0.625
0.616
0.611
0.566
0.619
0.62
0.618
0.626
0.623
0.609
0.601
0.607
0.614
0.615
0.62
0.619
0.609
0.562
0.618
0.616
0.619
0.629
0.624
0.614
0.605
0.607
0.613
0.608
0.615
0.621
0.609
0.564
0.621
0.618
0.621
0.628
0.623
0.616
0.609
0.611
0.612
0.607
0.614
0.619
0.607
0.569
0.623
0.621
0.622
0.625
0.621
0.613
0.612
0.617
0.613
0.611
0.62
0.619
0.605
0.567
0.623
0.622
0.623
0.621
0.615
0.606
0.61
0.622
0.615
0.613
0.623
0.621
0.604
0.561
0.623
0.622
0.622
0.617
0.61
0.603
0.608
0.623
0.618
0.612
0.618
0.621
0.606
0.556
0.626
0.624
0.621
0.614
0.608
0.605
0.609
0.621
0.622
0.614
0.611
0.616
0.607
0.556
0.628
0.626
0.62
0.613
0.61
0.608
0.611
0.622
0.628
0.624
0.611
0.612
0.608
0.558
0.625
0.624
0.619
0.612
0.609
0.606
0.61
0.622
0.633
0.632
0.617
0.615
0.611
0.56
0.619
0.619
0.615
0.606
0.604
0.604
0.607
0.619
0.629
0.629
0.622
0.625
0.615
0.559
0.613
0.614
0.611
0.601
0.6
0.603
0.602
0.61
0.618
0.618
0.623
0.631
0.615
0.556
0.608
0.611
0.609
0.602
0.602
0.602
0.594
0.599
0.607
0.612
0.621
0.622
0.606
0.55
0.603
0.606
0.61
0.611
0.609
0.603
0.591
0.593
0.604
0.613
0.613
0.604
0.596
0.548
0.598
0.603
0.611
0.62
0.618
0.607
0.596
0.594
0.603
0.614
0.607
0.594
0.596
0.555
0.595
0.603
0.614
0.625
0.621
0.61
0.6
0.594
0.602
0.615
0.612
0.6
0.604
0.564
0.594
0.604
0.616
0.621
0.618
0.61
0.602
0.593
0.598
0.615
0.622
0.61
0.606
0.569
0.594
0.606
0.615
0.616
0.612
0.609
0.606
0.596
0.597
0.614
0.624
0.609
0.6
0.567
0.599
0.607
0.614
0.613
0.608
0.611
0.613
0.604
0.601
0.611
0.615
0.601
0.593
0.56
0.605
0.609
0.611
0.611
0.606
0.61
0.614
0.613
0.612
0.61
0.605
0.597
0.591
0.55
0.607
0.61
0.607
0.608
0.606
0.607
0.611
0.62
0.625
0.614
0.602
0.598
0.592
0.543
0.607
0.608
0.603
0.605
0.604
0.602
0.607
0.625
0.632
0.617
0.601
0.599
0.593
0.544
0.608
0.609
0.603
0.604
0.604
0.597
0.603
0.624
0.628
0.614
0.602
0.6
0.594
0.551
0.612
0.612
0.602
0.603
0.602
0.593
0.597
0.616
0.619
0.611
0.604
0.602
0.597
0.558
0.613
0.614
0.601
0.598
0.599
0.593
0.593
0.605
0.612
0.61
0.605
0.602
0.596
0.559
0.61
0.613
0.601
0.596
0.598
0.598
0.595
0.597
0.605
0.609
0.603
0.601
0.595
0.555
0.607
0.611
0.607
0.601
0.601
0.607
0.6
0.594
0.601
0.605
0.604
0.605
0.597
0.55
0.603
0.608
0.612
0.605
0.604
0.612
0.606
0.599
0.602
0.604
0.608
0.613
0.602
0.548
0.606
0.607
0.609
0.602
0.6
0.611
0.612
0.61
0.611
0.609
0.616
0.617
0.603
0.551
0.611
0.607
0.603
0.596
0.597
0.607
0.617
0.624
0.626
0.621
0.625
0.619
0.603
0.557
0.615
0.606
0.597
0.594
0.599
0.608
0.622
0.636
0.641
0.634
0.632
0.618
0.602
0.563
0.614
0.606
0.597
0.598
0.606
0.613
0.623
0.639
0.646
0.64
0.631
0.614
0.599
0.564
0.614
0.608
0.603
0.603
0.61
0.614
0.621
0.632
0.637
0.633
0.622
0.605
0.595
0.562
0.617
0.609
0.61
0.605
0.606
0.611
0.617
0.621
0.619
0.62
0.612
0.601
0.597
0.565
0.618
0.61
0.612
0.604
0.598
0.606
0.618
0.615
0.608
0.609
0.606
0.603
0.606
0.572
0.609
0.603
0.606
0.597
0.589
0.602
0.616
0.611
0.604
0.605
0.605
0.606
0.613
0.571
0.562
0.561
0.56
0.558
0.558
0.576
0.59
0.583
0.577
0.579
0.588
0.59
0.589
0.547
0.439
0.439
0.431
0.44
0.456
0.482
0.495
0.485
0.473
0.477
0.504
0.506
0.494
0.465
0.255
0.254
0.24
0.254
0.279
0.307
0.32
0.311
0.293
0.297
0.333
0.334
0.318
0.315
0.0941
0.0929
0.0821
0.0913
0.11
0.128
0.137
0.133
0.118
0.12
0.148
0.146
0.136
0.151
0.0166
0.0168
0.0121
0.0152
0.022
0.027
0.0305
0.0308
0.0254
0.0253
0.0365
0.0345
0.0313
0.046
0.000504
0.000733
0.000192
0.000487
0.000995
0.00125
0.00179
0.00223
0.00179
0.00138
0.00324
0.00234
0.00241
0.00767
0
0
0
0
0
0
0
3.61e-06
1.15e-07
0
3.88e-07
0
4.62e-05
0.000462
0
0
0
0
0
0
0
0
0
0
0
0
0
0
0
0
0
0
0
0
0
0
0
0
0
0
0
0
0
0
0
0
0
0
0
0
0
0
0
0
0
0
0
0
0
0
0
0
0
0
0
0
0
0
0
0
0
0
0
0
0
0
0
0
0
0
0
0
0
0
0
0
0
0
0
0
0
0
0
0
0
0
0
0
0
0
0
0
0
0
0
0
0
0
0
0
0
0
0
0
0
0
0
0
0
0
0
0
0
0
0
0
0
0
0
0
0
0
0
0
0
0
0
0
0
0
0
0
0
0
0
0
0
0
0
0
0
0
0
0
0
0
0
0
0
0
0
0
0
0
0
0
0
0
0
0
0
0
0
0
0
0
0
0
0
0
0
0
0
0
0
0
0
0
0
0
0
0
0
0
0
0
0
0
0
0
0
0
0
0
0
0
0
0
0
0
0
0
0
0
0
0
0
0
0
0
0
0
0
0
0
0
0
0
0
0
0
0
0
0
0
0
0
0
0
0
0
0
0
0
0
0
0
0
0
0
0
0
0
0
0
0
0
0
0
0
0
0
0
0
0
0
0
0
0
0
0
0
0
0
0
0
0
0
0
0
0
0
0
0
0
0
0
0
0
0
0
0
0
0
0
0
0
0
0
0
0
0
0
0
0
0
0
0
0
0
0
0
0
0
0
0
0
0
0
0
0
0
0
0
0
0
0
0
0
0
0
0
0
0
0
0
0
0
0
0
0
0
0
0
0
0
0
0
0
0
0
0
0
0
0
0
0
0
0
0
0
0
0
0
0
0
0
0
0
0
0
0
0
0
0
0
0
0
0
0
0
0
0
0
0
0
0
0
0
0
0
0
0
0
0
0
0
0
0
0
0
0
0
0
0
0
0
0
0
0
0
0
0
0
0
0
0
0
0
0
0
0
0
0
0
0
0
0
0
0
0
0
0
0
0
0
0
0
0
0
0
0
0
0
0
0
0
0
0
0
0
0
0
0
0
0
0
0
0
0
0
0
0
0
0
0
0
0
0
0
0
0
0
0
0
0
0
0
0
0
0
0
0
0
0
0
0
0
0
0
0
0
0
0
0
0
0
0
0
0
0
0
0
0
0
0
0
0
0
0
0
0
0
0
0
0
0
0
0
0
0
0
0
0
0
0
0
0
0
0
0
0
0
0
0
0
0
0
0
0
0
0
0
0
0
0
0
0
0
0
0
0
0
0
0
0
0
0
0
0
0
0
0
0
0
0
0
0
0
0
0
0
0
0
0
0
0
0
0
0
0
0
0
0
0
0
0
0
0
0
0
0
0
0
0
0
0
0
0
0
0
0
0
0
0
0
0
0
0
0
0
0
0
0
0
0
0
0
0
0
0
0
0
0
0
0
0
0
0
0
0
0
0
0
0
0
0
0
9.82e-05
0.000578
6.65e-05
0
0
0
0
0
0
0
0
0
0
4.59e-07
0.00207
0.00541
0.00174
0
0
0
0
0
0
0
0
0
0
0.000128
0.0067
0.0146
0.00585
6.01e-05
0
0
0
0
0
0
0
0
0
0.00031
0.0098
0.021
0.00863
0.000174
0
0
0
0
0
0
0
0
0
0.000181
0.00771
0.0166
0.00675
9.2e-05
0
0
0
0
0
0
0
0
0
7.06e-06
0.00295
0.00721
0.00251
5.9e-07
0
0
0
0
0
0
0
0
0
0
0.000269
0.00115
0.000202
0
0
0
0
0
0
0
0
0
0
0
0
5.06e-07
0
0
0
0
0
0
0
0
0
0
0
0
0
0
0
0
0
0
0
0
0
0
0
0
0
0
0
0
0
0
0
0
0
0
0
0
0
0
0
0
0
0
0
0
0
0
0
0
0
0
0
0
0
0
0
0
0
0
0
0
0
0
0
0
0
0
0
0
0
0
0
0
0
0
0
0
0
0
0
0
0
0
0
0
0
0
0
0
0
0
0
0
0
0
0
0
0
0
0
0
0
0
0
0
0
0
0
0
0
0
0
0
0
0
0
0
0
0
0
0
0
0
0
0
0
0
0
0
0
0
0
0
0
0
0
0
0
0
0
0
0
0
0
0
0
0
0
0
0
0
0
0
0
0
0
0
0
0
0
0
0
0
0
0
0
0
0
0
0
0
0
0
0
0
0
0
0
0
0
0
0
0
0
0
0
0
0
0
0
0
0
0
0
0
0
0
0
0
0
0
0
0
0
0
0
0
0
0
0
0
0
0
0
0
0
0
0
0
0
0
0
0
0
0
0
0
0
0
0
0
0
0
0
0
0
0
0
0
0
0
0
0
0
0
0
0
0
0
0
0
0
0
0
0
0
0
0
0
0
0
0
0
0
0
0
0
0
0
0
0
0
0
0
0
0
0
0
0
0
0
0
0
0
0
0
0
0
0
0
0
0
0
0
0
0
0
0
0
0
0
0
0
0
0
0
0
0
0
0
0
0
0
0
0
0
0
0
0
0
0
0
0
0
0
0
0
0
0
0
0
0
0
0
0
0
0
0
0
0
0
0
0
0
0
0
0
0
0
0
0
0
0
0
0
0
0
0
0
0
0
0
0
0
0
0
0
0
0
0
0
0
0
0
0
0
0
0
0
0
0
0
0
0
0
0
0
0
0
0
0
0
0
0
0
0
0
0
0
0
0
0
0
0
0
0
0
0
0
0
0
0
0
0
0
0
0
0
0
0
0
0
0
0
0
0
0
0
0
0
0
0
0
0
0
0
0
0
0
0
0
0
0
0
0
0
0
0
0
0
0
0
0
0
0
0
0
0
0
0
0
0
0
0
0
0
0
0
0
0
0
0
0
0
0
0
0
0
0
0
0
0
0
0
0
0
0
0
0
0
0
0
0
0
0
0
0
0
0
0
0
0
0
0
0
0
0
0
0
0
0
0
0
0
0
0
0
0
0
0
0
0
0
0
0
0
0
0
0
0
0
0
0
0
0
0
0
0
0
0
0
0
0
0
0
0
0
0
0
0
0
0
0
0
0
0
0
0
0
0
0
0
0
0
0
0
0
0
0
0
0
0
0
0
0
0
0
0
0
0
0
0
0
0
0
0
0
0
0
0
0
0
0
0
0
0
0
0
0
0
0
0
0
0
0
0
0
0
0
0
0
0
0
0
0
0
0
0
0
0
0
0
0
0
0
0
0
0
0
0
0
0
0
0
0
0
0
0
0
0
0
0
0
0
0
0
0
0
0
0
0
0
0
0
0
0
0
0
0
0
0
0
0
0
0
0
0
0
0
0
0
0
0
0
0
0
0
0
0
0
0
0
0
0
0
0
0
0
0
0
0
0
0
0
0
0
0
0
0
0
0
0
0
0
0
0
0
0
0
0
0
0
0
0
0
0
0
0
0
0
0
0
0
0
0
0
0
0
0
0
0
0
0
0
0
0
0
0
0
0
0
0
0
0
0
0
0
0
0
0
0
0
0
0
0
0
0
0
0
0
0
0
0
0
0
0
0
0
0
0
0
0
0
0
0
0
0
0
0
0
0
0
0
0
0
0
0
0
0
0
0
0
0
0
0
0
0
0
0
0
0
0
0
0
0
0
0
0
0
0
0
0
0
0
0
0
0
0
0
0
0
0
0
0
0
0
0
0
0
0
0
0
0
0
0
0
0
0
0
0
0
0
0
0
0
0
0
0
0
0
0
0
0
0
0
0
0
0
0
0
0
0
0
0
0
0
0
0
0
0
0
0
0
0
0
0
0
0
0
0
0
0
0
0
0
0
0
0
0
0
0
0
0
0
0
0
0
0
0
0
0
0
0
0
0
0
0
0
0
0
0
0
0
0
0
0
0
0
0
0
0
0
0
0
0
0
0
0
0
0
0
0
0
0
0
0
0
0
0
0
0
0
0
0
0
0
0
0
0
0
0
0
0
0
0
0
0
0
0
0
0
0
0
0
0
0
0
0
0
0
0
0
0
0
0
0
0
0
0
0
0
0
0
0
0
0
0
0
0
0
0
0
0
0
0
0
0
0
0
0
0
0
0
0
0
0
0
0
0
0
0
0
0
0
0
0
0
0
0
0
0
0
0
0
0
0
0
0
0
0
0
0
0
0
0
0
0
0
0
0
0
0
0
0
0
0
0
0
0
0
0
0
0
0
0
0
0
0
0
0
0
0
0
0
0
0
0
0
0
0
0
0
0
0
0
0
0
0
0
0
0
0
0
0
0
0
0
0
0
0
0
0
0
0
0
0
0
0
0
0
0
0
0
0
0
0
0
0
0
0
0
0
0
0
0
0
0
0
0
0
0
0
0
0
0
0
0
0
0
0
0
0
0
0
0
0
0
0
0
0
0
0
0
0
0
0
0
0
0
0
0
0
0
0
0
0
0
0
0
0
0
0
0
0
0
0
0
0
0
0
0
0
0
0
0
0
0
0
0
0
0
0
0
0
0
0
0
0
0
0
0
0
0
0
0
0
0
0
0
0
0
0
0
0
0
0
0
0
0
0
0
0
0
0
0
0
0
0
0
0
0
0
0
0
0
0
0
0
0
0
0
0
0
0
0
0
0
0
0
0
0
0
0
0
0
0
0
0
0
0
0
0
0
0
0
0
0
0
0
0
0
0
0
0
0
0
0
0
0
0
0
0
0
0
0
0
0
0
0
0
0
0
0
0
0
0
0
0
0
0
0
0
0
0
0
0
0
0
0
0
0
0
0
0
0
0
0
0
0
0
0
0
0
0
0
0
0
0
0
0
0
0
0
0
0
0
0
0
0
0
0
0
0
0
0
0
0
0
0
0
0
0
0
0
0
0
0
0
0
0
0
0
0
0
0
0
0
0
0
0
0
0
0
0
0
0
0
0
0
0
0
0
0
0
0
0
0
0
0
0
0
0
0
0
0
0
0
0
0
0
0
0
0
0
0
0
0
0
0
0
0
0
0
0
0
0
0
0
0
0
0
0
0
0
0
0
0
0
0
0
0
0
0
0
0
0
0
0
0
0
0
0
0
0
0
0
0
0
0
0
0
0
0
0
0
0
0
0
0
0
0
0
0
0
0
0
0
0
0
0
0
0
0
0
0
0
0
0
0
0
0
0
0
0
0
0
0
0
0
0
0
0
0
0
0
0
0
0
0
0
0
0
0
0
0
0
0
0
0
0
0
0
0
0
0
0
0
0
0
0
0
0
0
0
0
0
0
0
0
0
0
0
0
0
0
0
0
0
0
0
0
0.549
0.553
0.549
0.549
0.56
0.555
0.55
0.557
0.565
0.547
0.53
0.522
0.522
0.459
0.589
0.589
0.584
0.584
0.593
0.585
0.58
0.592
0.602
0.59
0.576
0.568
0.562
0.515
0.611
0.609
0.603
0.602
0.604
0.597
0.597
0.611
0.622
0.618
0.61
0.6
0.584
0.538
0.616
0.611
0.609
0.604
0.599
0.596
0.601
0.614
0.624
0.629
0.626
0.609
0.583
0.535
0.616
0.607
0.607
0.601
0.594
0.592
0.6
0.612
0.619
0.631
0.631
0.607
0.578
0.532
0.616
0.601
0.597
0.596
0.595
0.593
0.602
0.613
0.614
0.626
0.627
0.603
0.578
0.535
0.616
0.599
0.589
0.592
0.599
0.596
0.606
0.618
0.611
0.614
0.615
0.598
0.581
0.541
0.615
0.601
0.59
0.596
0.605
0.599
0.607
0.621
0.608
0.601
0.604
0.592
0.583
0.546
0.614
0.603
0.594
0.606
0.61
0.601
0.605
0.619
0.608
0.597
0.601
0.593
0.588
0.551
0.613
0.602
0.597
0.613
0.613
0.604
0.604
0.612
0.607
0.602
0.605
0.602
0.6
0.557
0.612
0.603
0.601
0.616
0.612
0.606
0.608
0.606
0.604
0.605
0.607
0.612
0.611
0.562
0.612
0.609
0.607
0.616
0.61
0.607
0.614
0.607
0.601
0.602
0.603
0.61
0.61
0.565
0.612
0.615
0.61
0.613
0.608
0.606
0.612
0.61
0.604
0.604
0.6
0.6
0.599
0.564
0.611
0.62
0.612
0.607
0.605
0.603
0.601
0.609
0.612
0.609
0.602
0.595
0.589
0.562
0.612
0.622
0.613
0.603
0.604
0.601
0.591
0.603
0.615
0.609
0.605
0.598
0.589
0.564
0.613
0.62
0.612
0.605
0.607
0.607
0.595
0.598
0.608
0.604
0.606
0.604
0.594
0.569
0.612
0.616
0.613
0.609
0.614
0.618
0.607
0.597
0.602
0.603
0.606
0.61
0.606
0.58
0.612
0.616
0.619
0.615
0.619
0.623
0.612
0.596
0.601
0.609
0.607
0.615
0.622
0.591
0.614
0.62
0.626
0.62
0.619
0.62
0.609
0.596
0.605
0.615
0.609
0.618
0.632
0.596
0.617
0.621
0.627
0.62
0.617
0.616
0.608
0.602
0.61
0.613
0.609
0.618
0.629
0.591
0.618
0.618
0.62
0.615
0.611
0.61
0.608
0.609
0.612
0.606
0.607
0.616
0.618
0.579
0.616
0.612
0.612
0.607
0.604
0.603
0.605
0.611
0.613
0.603
0.605
0.613
0.608
0.567
0.613
0.607
0.607
0.605
0.602
0.603
0.602
0.606
0.611
0.604
0.605
0.612
0.603
0.56
0.611
0.606
0.61
0.61
0.608
0.609
0.604
0.603
0.608
0.608
0.61
0.613
0.605
0.56
0.615
0.609
0.61
0.612
0.608
0.607
0.604
0.601
0.606
0.614
0.616
0.615
0.607
0.562
0.619
0.61
0.604
0.604
0.598
0.596
0.596
0.599
0.61
0.619
0.623
0.616
0.603
0.559
0.62
0.61
0.597
0.595
0.593
0.589
0.589
0.6
0.615
0.621
0.623
0.615
0.599
0.552
0.621
0.613
0.595
0.592
0.598
0.596
0.592
0.605
0.618
0.619
0.62
0.612
0.595
0.546
0.62
0.615
0.597
0.594
0.605
0.606
0.6
0.613
0.621
0.617
0.617
0.608
0.594
0.545
0.618
0.615
0.601
0.598
0.61
0.611
0.608
0.618
0.62
0.614
0.616
0.608
0.595
0.551
0.616
0.615
0.606
0.605
0.614
0.615
0.613
0.62
0.617
0.608
0.614
0.611
0.603
0.56
0.618
0.618
0.613
0.614
0.621
0.619
0.615
0.619
0.614
0.604
0.613
0.618
0.613
0.568
0.621
0.618
0.617
0.621
0.625
0.623
0.616
0.614
0.611
0.606
0.614
0.623
0.619
0.567
0.619
0.612
0.615
0.623
0.624
0.621
0.614
0.609
0.609
0.611
0.615
0.62
0.614
0.561
0.613
0.604
0.608
0.62
0.619
0.614
0.61
0.606
0.608
0.615
0.613
0.612
0.604
0.553
0.61
0.601
0.603
0.618
0.618
0.609
0.606
0.607
0.613
0.619
0.612
0.609
0.599
0.55
0.613
0.607
0.606
0.622
0.626
0.616
0.61
0.613
0.62
0.621
0.615
0.614
0.602
0.551
0.621
0.617
0.614
0.629
0.639
0.629
0.616
0.617
0.622
0.618
0.617
0.624
0.609
0.555
0.625
0.625
0.621
0.632
0.642
0.635
0.618
0.613
0.613
0.61
0.615
0.629
0.618
0.559
0.625
0.627
0.625
0.629
0.632
0.63
0.617
0.606
0.603
0.606
0.612
0.63
0.623
0.565
0.624
0.626
0.625
0.625
0.622
0.626
0.619
0.604
0.6
0.609
0.613
0.629
0.626
0.571
0.622
0.625
0.624
0.622
0.62
0.627
0.622
0.606
0.603
0.616
0.619
0.629
0.625
0.573
0.62
0.622
0.62
0.619
0.621
0.626
0.622
0.612
0.613
0.626
0.627
0.626
0.619
0.571
0.618
0.621
0.614
0.614
0.62
0.621
0.619
0.618
0.623
0.635
0.631
0.619
0.612
0.568
0.62
0.624
0.613
0.615
0.621
0.617
0.615
0.616
0.625
0.636
0.629
0.614
0.607
0.566
0.622
0.629
0.619
0.622
0.626
0.616
0.611
0.61
0.62
0.63
0.622
0.608
0.605
0.566
0.624
0.629
0.621
0.626
0.627
0.611
0.605
0.609
0.619
0.623
0.61
0.599
0.6
0.563
0.625
0.623
0.615
0.621
0.621
0.603
0.6
0.614
0.623
0.617
0.6
0.593
0.599
0.564
0.629
0.618
0.607
0.612
0.612
0.599
0.599
0.619
0.625
0.613
0.598
0.598
0.606
0.565
0.631
0.618
0.604
0.604
0.605
0.6
0.604
0.622
0.621
0.61
0.605
0.608
0.61
0.559
0.628
0.619
0.604
0.601
0.604
0.603
0.611
0.624
0.617
0.609
0.613
0.614
0.605
0.546
0.623
0.619
0.605
0.602
0.605
0.606
0.614
0.627
0.617
0.609
0.616
0.617
0.6
0.537
0.621
0.619
0.606
0.603
0.607
0.609
0.617
0.63
0.62
0.61
0.613
0.618
0.603
0.54
0.618
0.617
0.608
0.603
0.608
0.613
0.619
0.626
0.618
0.612
0.61
0.615
0.608
0.548
0.613
0.613
0.61
0.605
0.612
0.619
0.617
0.617
0.612
0.616
0.611
0.61
0.608
0.55
0.607
0.609
0.609
0.605
0.615
0.623
0.616
0.612
0.614
0.624
0.615
0.608
0.604
0.546
0.603
0.605
0.606
0.603
0.614
0.625
0.618
0.617
0.624
0.629
0.617
0.611
0.602
0.54
0.601
0.603
0.603
0.6
0.613
0.624
0.62
0.622
0.626
0.624
0.613
0.611
0.597
0.536
0.599
0.603
0.603
0.6
0.612
0.618
0.615
0.617
0.614
0.612
0.605
0.601
0.586
0.529
0.597
0.601
0.603
0.601
0.608
0.611
0.607
0.606
0.598
0.602
0.601
0.589
0.576
0.527
0.594
0.598
0.602
0.601
0.603
0.605
0.603
0.598
0.592
0.602
0.602
0.586
0.581
0.537
0.597
0.597
0.599
0.597
0.597
0.599
0.599
0.594
0.593
0.607
0.608
0.594
0.598
0.559
0.609
0.602
0.597
0.593
0.591
0.593
0.594
0.591
0.595
0.611
0.615
0.606
0.611
0.577
0.622
0.611
0.598
0.59
0.589
0.592
0.595
0.593
0.595
0.61
0.619
0.612
0.61
0.579
0.624
0.614
0.6
0.593
0.593
0.598
0.602
0.601
0.597
0.604
0.615
0.609
0.597
0.564
0.615
0.61
0.601
0.599
0.599
0.604
0.607
0.607
0.602
0.603
0.609
0.601
0.583
0.543
0.605
0.605
0.6
0.603
0.605
0.606
0.606
0.611
0.614
0.61
0.609
0.597
0.574
0.529
0.604
0.603
0.598
0.604
0.607
0.605
0.604
0.615
0.623
0.619
0.613
0.598
0.577
0.53
0.61
0.606
0.599
0.604
0.606
0.603
0.603
0.613
0.621
0.617
0.612
0.603
0.585
0.542
0.615
0.611
0.604
0.603
0.604
0.602
0.6
0.603
0.608
0.605
0.604
0.606
0.595
0.548
0.614
0.613
0.609
0.601
0.598
0.599
0.595
0.592
0.596
0.591
0.591
0.607
0.601
0.543
0.607
0.609
0.609
0.599
0.592
0.596
0.593
0.587
0.589
0.585
0.586
0.609
0.605
0.535
0.601
0.6
0.607
0.599
0.595
0.6
0.594
0.587
0.589
0.59
0.591
0.612
0.609
0.538
0.6
0.595
0.605
0.602
0.601
0.604
0.596
0.589
0.596
0.602
0.601
0.613
0.61
0.547
0.603
0.6
0.608
0.604
0.602
0.603
0.597
0.595
0.606
0.612
0.607
0.611
0.604
0.546
0.607
0.609
0.615
0.606
0.599
0.599
0.597
0.601
0.613
0.616
0.61
0.607
0.595
0.539
0.606
0.613
0.619
0.612
0.604
0.601
0.599
0.606
0.615
0.614
0.606
0.602
0.593
0.541
0.605
0.613
0.617
0.618
0.614
0.608
0.605
0.612
0.616
0.611
0.6
0.598
0.6
0.555
0.603
0.608
0.611
0.62
0.618
0.611
0.611
0.616
0.619
0.614
0.598
0.599
0.609
0.568
0.601
0.601
0.605
0.616
0.614
0.61
0.615
0.616
0.617
0.616
0.602
0.604
0.614
0.571
0.602
0.598
0.604
0.613
0.609
0.61
0.618
0.61
0.61
0.613
0.603
0.606
0.613
0.566
0.601
0.594
0.598
0.607
0.603
0.609
0.617
0.603
0.602
0.607
0.6
0.604
0.609
0.561
0.573
0.558
0.553
0.567
0.569
0.584
0.597
0.579
0.575
0.578
0.579
0.585
0.584
0.54
0.467
0.442
0.426
0.447
0.46
0.487
0.514
0.495
0.477
0.475
0.489
0.5
0.492
0.454
0.287
0.259
0.237
0.261
0.28
0.314
0.349
0.333
0.3
0.291
0.314
0.332
0.318
0.291
0.114
0.0967
0.0807
0.0966
0.112
0.137
0.165
0.155
0.123
0.113
0.133
0.148
0.136
0.122
0.024
0.0178
0.0117
0.0179
0.0239
0.0337
0.0466
0.043
0.0265
0.0209
0.03
0.0371
0.0305
0.0265
0.00116
0.000832
0.000227
0.000822
0.00189
0.00298
0.00581
0.00556
0.00157
0.00073
0.00202
0.00353
0.00164
0.00139
0
0
0
0
5.34e-06
2.21e-05
0.000112
0.000298
1.03e-06
0
0
1.27e-05
0
0
0
0
0
0
0
0
0
0
0
0
0
0
0
0
0
0
0
0
0
0
0
0
0
0
0
0
0
0
0
0
0
0
0
0
0
0
0
0
0
0
0
0
0
0
0
0
0
0
0
0
0
0
0
0
0
0
0
0
0
0
0
0
0
0
0
0
0
0
0
0
0
0
0
0
0
0
0
0
0
0
0
0
0
0
0
0
0
0
0
0
0
0
0
0
0
0
0
0
0
0
0
0
0
0
0
0
0
0
0
0
0
0
0
0
0
0
0
0
0
0
0
0
0
0
0
0
0
0
0
0
0
0
0
0
0
0
0
0
0
0
0
0
0
0
0
0
0
0
0
0
0
0
0
0
0
0
0
0
0
0
0
0
0
0
0
0
0
0
0
0
0
0
0
0
0
0
0
0
0
0
0
0
0
0
0
0
0
0
0
0
0
0
0
0
0
0
0
0
0
0
0
0
0
0
0
0
0
0
0
0
0
0
0
0
0
0
0
0
0
0
0
0
0
0
0
0
0
0
0
0
0
0
0
0
0
0
0
0
0
0
0
0
0
0
0
0
0
0
0
0
0
0
0
0
0
0
0
0
0
0
0
0
0
0
0
0
0
0
0
0
0
0
0
0
0
0
0
0
0
0
0
0
0
0
0
0
0
0
0
0
0
0
0
0
0
0
0
0
0
0
0
0
0
0
0
0
0
0
0
0
0
0
0
0
0
0
0
0
0
0
0
0
0
0
0
0
0
0
0
0
0
0
0
0
0
0
0
0
0
0
0
0
0
0
0
0
0
0
0
0
0
0
0
0
0
0
0
0
0
0
0
0
0
0
0
0
0
0
0
0
0
0
0
0
0
0
0
0
0
0
0
0
0
0
0
0
0
0
0
0
0
0
0
0
0
0
0
0
0
0
0
0
0
0
0
0
0
0
0
0
0
0
0
0
0
0
0
0
0
0
0
0
0
0
0
0
0
0
0
0
0
0
0
0
0
0
0
0
0
0
0
0
0
0
0
0
0
0
0
0
0
0
0
0
0
0
0
0
0
0
0
0
0
0
0
0
0
0
0
0
0
0
0
0
0
0
0
0
0
0
0
0
0
0
0
0
0
0
0
0
0
0
0
0
0
0
0
0
0
0
0
0
0
0
0
0
0
0
0
0
0
0
0
0
0
0
0
0
0
0
0
0
0
0
0
0
0
0
0
0
0
0
0
0
0
0
0
0
0
0
0
0
0
0
0
0
0
0
0
0
0
0
0
0
0
0
0
0
0
0
0
0
0
0
0
0
0
0
0
0
0
0
0
0
0
0
0
0
0
0
0
0
0
0
0
0
0
0
0
0
0
0
0
0
0
0
0
0
0
0
0
0
0
0
0
0
0
0
0
0
0
0
0
0
0
0
0
0
0
0
0
0
0
0
0
0
0
0
0
0
0
0
0
0
0
0
0
0
0
3.76e-05
0
0
0
0
0
0
0
0
0
0
0
0
7.53e-05
0.000472
4.92e-05
0
0
0
0
0
0
0
0
0
0
0
0.000204
0.000871
0.00015
0
0
0
0
0
0
0
0
0
0
0
0.000112
0.000596
7.72e-05
0
0
0
0
0
0
0
0
0
0
0
1.45e-06
9.34e-05
2.1e-07
0
0
0
0
0
0
0
0
0
0
0
0
0
0
0
0
0
0
0
0
0
0
0
0
0
0
0
0
0
0
0
0
0
0
0
0
0
0
0
0
0
0
0
0
0
0
0
0
0
0
0
0
0
0
0
0
0
0
0
0
0
0
0
0
0
0
0
0
0
0
0
0
0
0
0
0
0
0
0
0
0
0
0
0
0
0
0
0
0
0
0
0
0
0
0
0
0
0
0
0
0
0
0
0
0
0
0
0
0
0
0
0
0
0
0
0
0
0
0
0
0
0
0
0
0
0
0
0
0
0
0
0
0
0
0
0
0
0
0
0
0
0
0
0
0
0
0
0
0
0
0
0
0
0
0
0
0
0
0
0
0
0
0
0
0
0
0
0
0
0
0
0
0
0
0
0
0
0
0
0
0
0
0
0
0
0
0
0
0
0
0
0
0
0
0
0
0
0
0
0
0
0
0
0
0
0
0
0
0
0
0
0
0
0
0
0
0
0
0
0
0
0
0
0
0
0
0
0
0
0
0
0
0
0
0
0
0
0
0
0
0
0
0
0
0
0
0
0
0
0
0
0
0
0
0
0
0
0
0
0
0
0
0
0
0
0
0
0
0
0
0
0
0
0
0
0
0
0
0
0
0
0
0
0
0
0
0
0
0
0
0
0
0
0
0
0
0
0
0
0
0
0
0
0
0
0
0
0
0
0
0
0
0
0
0
0
0
0
0
0
0
0
0
0
0
0
0
0
0
0
0
0
0
0
0
0
0
0
0
0
0
0
0
0
0
0
0
0
0
0
0
0
0
0
0
0
0
0
0
0
0
0
0
0
0
0
0
0
0
0
0
0
0
0
0
0
0
0
0
0
0
0
0
0
0
0
0
0
0
0
0
0
0
0
0
0
0
0
0
0
0
0
0
0
0
0
0
0
0
0
0
0
0
0
0
0
0
0
0
0
0
0
0
0
0
0
0
0
0
0
0
0
0
0
0
0
0
0
0
0
0
0
0
0
0
0
0
0
0
0
0
0
0
0
0
0
0
0
0
0
0
0
0
0
0
0
0
0
0
0
0
0
0
0
0
0
0
0
0
0
0
0
0
0
0
0
0
0
0
0
0
0
0
0
0
0
0
0
0
0
0
0
0
0
0
0
0
0
0
0
0
0
0
0
0
0
0
0
0
0
0
0
0
0
0
0
0
0
0
0
0
0
0
0
0
0
0
0
0
0
0
0
0
0
0
0
0
0
0
0
0
0
0
0
0
0
0
0
0
0
0
0
0
0
0
0
0
0
0
0
0
0
0
0
0
0
0
0
0
0
0
0
0
0
0
0
0
0
0
0
0
0
0
0
0
0
0
0
0
0
0
0
0
0
0
0
0
0
0
0
0
0
0
0
0
0
0
0
0
0
0
0
0
0
0
0
0
0
0
0
0
0
0
0
0
0
0
0
0
0
0
0
0
0
0
0
0
0
0
0
0
0
0
0
0
0
0
0
0
0
0
0
0
0
0
0
0
0
0
0
0
0
0
0
0
0
0
0
0
0
0
0
0
0
0
0
0
0
0
0
0
0
0
0
0
0
0
0
0
0
0
0
0
0
0
0
0
0
0
0
0
0
0
0
0
0
0
0
0
0
0
0
0
0
0
0
0
0
0
0
0
0
0
0
0
0
0
0
0
0
0
0
0
0
0
0
0
0
0
0
0
0
0
0
0
0
0
0
0
0
0
0
0
0
0
0
0
0
0
0
0
0
0
0
0
0
0
0
0
0
0
0
0
0
0
0
0
0
0
0
0
0
0
0
0
0
0
0
0
0
0
0
0
0
0
0
0
0
0
0
0
0
0
0
0
0
0
0
0
0
0
0
0
0
0
0
0
0
0
0
0
0
0
0
0
0
0
0
0
0
0
0
0
0
0
0
0
0
0
0
0
0
0
0
0
0
0
0
0
0
0
0
0
0
0
0
0
0
0
0
0
0
0
0
0
0
0
0
0
0
0
0
0
0
0
0
0
0
0
0
0
0
0
0
0
0
0
0
0
0
0
0
0
0
0
0
0
0
0
0
0
0
0
0
0
0
0
0
0
0
0
0
0
0
0
0
0
0
0
0
0
0
0
0
0
0
0
0
0
0
0
0
0
0
0
0
0
0
0
0
0
0
0
0
0
0
0
0
0
0
0
0
0
0
0
0
0
0
0
0
0
0
0
0
0
0
0
0
0
0
0
0
0
0
0
0
0
0
0
0
0
0
0
0
0
0
0
0
0
0
0
0
0
0
0
0
0
0
0
0
0
0
0
0
0
0
0
0
0
0
0
0
0
0
0
0
0
0
0
0
0
0
0
0
0
0
0
0
0
0
0
0
0
0
0
0
0
0
0
0
0
0
0
0
0
0
0
0
0
0
0
0
0
0
0
0
0
0
0
0
0
0
0
0
0
0
0
0
0
0
0
0
0
0
0
0
0
0
0
0
0
0
0
0
0
0
0
0
0
0
0
0
0
0
0
0
0
0
0
0
0
0
0
0
0
0
0
0
0
0
0
0
0
0
0
0
0
0
0
0
0
0
0
0
0
0
0
0
0
0
0
0
0
0
0
0
0
0
0
0
0
0
0
0
0
0
0
0
0
0
0
0
0
0
0
0
0
0
0
0
0
0
0
0
0
0
0
0
0
0
0
0
0
0
0
0
0
0
0
0
0
0
0
0
0
0
0
0
0
0
0
0
0
0
0
0
0
0
0
0
0
0
0
0
0
0
0
0
0
0
0
0
0
0
0
0
0
0
0
0
0
0
0
0
0
0
0
0
0
0
0
0
0
0
0
0
0
0
0
0
0
0
0
0
0
0
0
0
0
0
0
0
0
0
0
0
0
0
0
0
0
0
0
0
0
0
0
0
0
0
0
0
0
0
0
0
0
0
0
0
0
0
0
0
0
0
0
0
0
0
0
0
0
0
0
0
0
0
0
0
0
0
0
0
0
0
0
0
0
0
0
0
0
0
0
0
0
0
0
0
0
0
0
0
0
0
0
0
0
0
0
0
0
0
0
0
0
0
0
0
0
0
0
0
0
0
0
0
0
0
0
0
0
0
0
0
0
0
0
0
0
0
0
0
0
0
0
0
0
0
0
0
0
0
0
0
0
0
0
0
0
0
0
0
0
0
0
0
0
0
0
0
0
0
0
0
0
0
0
0
0
0
0
0
0
0
0
0
0
0
0
0
0
0
0
0
0
0
0
0
0
0
0
0
0
0
0
0
0
0
0
0
0
0
0
0
0
0
0
0
0
0
0
0
0
0
0
0
0
0
0
0
0
0
0
0
0
0
0
0
0
0
0
0
0
0
0
0
0
0
0
0
0
0
0
0
0
0
0
0
0
0
0
0
0
0
0
0
0
0
0
0
0
0
0
0
0
0
0
0
0
0
0
0
0
0
0
0
0
0
0
0
0
0
0
0
0
0
0
0
0
0
0
0
0
0
0
0
0
0
0
0
0
0
0
0
0
0
0
0
0
0
0
0
0
0
0
)
;

boundaryField
{
    bottom
    {
        type            calculated;
        value           uniform 0;
    }
    spout
    {
        type            calculated;
        value           uniform 0;
    }
    top
    {
        type            calculated;
        value           uniform 0;
    }
    sides
    {
        type            calculated;
        value           uniform 0;
    }
    front
    {
        type            cyclic;
    }
    back
    {
        type            cyclic;
    }
}


// ************************************************************************* //
